0: 12 
1: 8 21 
2: 5 10 17 23 
3: 11 
0: 12 
1: 8 21 
2: 5 10 17 23 
3: 5 8 11 12 17 21 23 
4: 10 11 
0: 12 
1: 10 21 
2: 8 11 17 23 
3: 5 8 10 11 12 17 21 23 
4: 5 5 8 10 11 12 17 21 23 
0: 12 
1: 10 21 
2: 8 11 17 23 
3: 5 8 10 11 12 17 21 23 
4: 5 5 8 8 10 10 11 11 12 12 17 17 21 21 23 23 
5: 5 
0: 12 
1: 10 21 
2: 8 11 17 23 
3: 5 8 10 11 12 17 21 23 
4: 5 5 8 8 10 10 11 11 12 12 17 17 21 21 23 23 
5: 5 5 8 10 11 12 17 21 23 
0: 12 
1: 10 21 
2: 8 11 17 23 
3: 5 8 10 11 12 17 21 23 
4: 5 5 8 8 10 10 11 11 12 12 17 17 21 21 23 23 
5: 5 5 5 8 8 10 10 11 11 12 12 17 17 21 21 23 23 
0: 12 
1: 10 21 
2: 8 11 17 23 
3: 5 8 10 11 12 17 21 23 
4: 5 5 8 8 10 10 11 11 12 12 17 17 21 21 23 23 
5: 5 5 5 5 8 8 8 10 10 10 11 11 11 12 12 12 17 17 17 21 21 21 23 23 23 
0: 12 
1: 10 21 
2: 8 11 17 23 
3: 5 8 10 11 12 17 21 23 
4: 5 5 8 8 10 10 11 11 12 12 17 17 21 21 23 23 
5: 5 5 5 5 8 8 8 8 10 10 10 10 11 11 11 11 12 12 12 12 17 17 17 17 21 21 21 21 23 23 23 23 
6: 5 
0: 12 
1: 10 21 
2: 8 11 17 23 
3: 5 8 10 11 12 17 21 23 
4: 5 5 8 8 10 10 11 11 12 12 17 17 21 21 23 23 
5: 5 5 5 5 8 8 8 8 10 10 10 10 11 11 11 11 12 12 12 12 17 17 17 17 21 21 21 21 23 23 23 23 
6: 5 5 8 10 11 12 17 21 23 
0: 12 
1: 10 21 
2: 8 11 17 23 
3: 5 8 10 11 12 17 21 23 
4: 5 5 8 8 10 10 11 11 12 12 17 17 21 21 23 23 
5: 5 5 5 5 8 8 8 8 10 10 10 10 11 11 11 11 12 12 12 12 17 17 17 17 21 21 21 21 23 23 23 23 
6: 5 5 5 8 8 10 10 11 11 12 12 17 17 21 21 23 23 
0: 12 
1: 10 21 
2: 8 11 17 23 
3: 5 8 10 11 12 17 21 23 
4: 5 5 8 8 10 10 11 11 12 12 17 17 21 21 23 23 
5: 5 5 5 5 8 8 8 8 10 10 10 10 11 11 11 11 12 12 12 12 17 17 17 17 21 21 21 21 23 23 23 23 
6: 5 5 5 5 8 8 8 10 10 10 11 11 11 12 12 12 17 17 17 21 21 21 23 23 23 
0: 12 
1: 10 21 
2: 8 11 17 23 
3: 5 8 10 11 12 17 21 23 
4: 5 5 8 8 10 10 11 11 12 12 17 17 21 21 23 23 
5: 5 5 5 5 8 8 8 8 10 10 10 10 11 11 11 11 12 12 12 12 17 17 17 17 21 21 21 21 23 23 23 23 
6: 5 5 5 5 5 8 8 8 8 10 10 10 10 11 11 11 11 12 12 12 12 17 17 17 17 21 21 21 21 23 23 23 23 
0: 12 
1: 10 21 
2: 8 11 17 23 
3: 5 8 10 11 12 17 21 23 
4: 5 5 8 8 10 10 11 11 12 12 17 17 21 21 23 23 
5: 5 5 5 5 8 8 8 8 10 10 10 10 11 11 11 11 12 12 12 12 17 17 17 17 21 21 21 21 23 23 23 23 
6: 5 5 5 5 5 5 8 8 8 8 8 10 10 10 10 10 11 11 11 11 11 12 12 12 12 12 17 17 17 17 17 21 21 21 21 21 23 23 23 23 23 
0: 12 
1: 10 21 
2: 8 11 17 23 
3: 5 8 10 11 12 17 21 23 
4: 5 5 8 8 10 10 11 11 12 12 17 17 21 21 23 23 
5: 5 5 5 5 8 8 8 8 10 10 10 10 11 11 11 11 12 12 12 12 17 17 17 17 21 21 21 21 23 23 23 23 
6: 5 5 5 5 5 5 5 8 8 8 8 8 8 10 10 10 10 10 10 11 11 11 11 11 11 12 12 12 12 12 12 17 17 17 17 17 17 21 21 21 21 21 21 23 23 23 23 23 23 
0: 12 
1: 10 21 
2: 8 11 17 23 
3: 5 8 10 11 12 17 21 23 
4: 5 5 8 8 10 10 11 11 12 12 17 17 21 21 23 23 
5: 5 5 5 5 8 8 8 8 10 10 10 10 11 11 11 11 12 12 12 12 17 17 17 17 21 21 21 21 23 23 23 23 
6: 5 5 5 5 5 5 5 5 8 8 8 8 8 8 8 10 10 10 10 10 10 10 11 11 11 11 11 11 11 12 12 12 12 12 12 12 17 17 17 17 17 17 17 21 21 21 21 21 21 21 23 23 23 23 23 23 23 
0: 12 
1: 10 21 
2: 8 11 17 23 
3: 5 8 10 11 12 17 21 23 
4: 5 5 8 8 10 10 11 11 12 12 17 17 21 21 23 23 
5: 5 5 5 5 8 8 8 8 10 10 10 10 11 11 11 11 12 12 12 12 17 17 17 17 21 21 21 21 23 23 23 23 
6: 5 5 5 5 5 5 5 5 8 8 8 8 8 8 8 8 10 10 10 10 10 10 10 10 11 11 11 11 11 11 11 11 12 12 12 12 12 12 12 12 17 17 17 17 17 17 17 17 21 21 21 21 21 21 21 21 23 23 23 23 23 23 23 23 
7: 5 
0: 12 
1: 10 21 
2: 8 11 17 23 
3: 5 8 10 11 12 17 21 23 
4: 5 5 8 8 10 10 11 11 12 12 17 17 21 21 23 23 
5: 5 5 5 5 8 8 8 8 10 10 10 10 11 11 11 11 12 12 12 12 17 17 17 17 21 21 21 21 23 23 23 23 
6: 5 5 5 5 5 5 5 5 8 8 8 8 8 8 8 8 10 10 10 10 10 10 10 10 11 11 11 11 11 11 11 11 12 12 12 12 12 12 12 12 17 17 17 17 17 17 17 17 21 21 21 21 21 21 21 21 23 23 23 23 23 23 23 23 
7: 5 5 8 10 11 12 17 21 23 
0: 12 
1: 10 21 
2: 8 11 17 23 
3: 5 8 10 11 12 17 21 23 
4: 5 5 8 8 10 10 11 11 12 12 17 17 21 21 23 23 
5: 5 5 5 5 8 8 8 8 10 10 10 10 11 11 11 11 12 12 12 12 17 17 17 17 21 21 21 21 23 23 23 23 
6: 5 5 5 5 5 5 5 5 8 8 8 8 8 8 8 8 10 10 10 10 10 10 10 10 11 11 11 11 11 11 11 11 12 12 12 12 12 12 12 12 17 17 17 17 17 17 17 17 21 21 21 21 21 21 21 21 23 23 23 23 23 23 23 23 
7: 5 5 5 8 8 10 10 11 11 12 12 17 17 21 21 23 23 
0: 12 
1: 10 21 
2: 8 11 17 23 
3: 5 8 10 11 12 17 21 23 
4: 5 5 8 8 10 10 11 11 12 12 17 17 21 21 23 23 
5: 5 5 5 5 8 8 8 8 10 10 10 10 11 11 11 11 12 12 12 12 17 17 17 17 21 21 21 21 23 23 23 23 
6: 5 5 5 5 5 5 5 5 8 8 8 8 8 8 8 8 10 10 10 10 10 10 10 10 11 11 11 11 11 11 11 11 12 12 12 12 12 12 12 12 17 17 17 17 17 17 17 17 21 21 21 21 21 21 21 21 23 23 23 23 23 23 23 23 
7: 5 5 5 5 8 8 8 10 10 10 11 11 11 12 12 12 17 17 17 21 21 21 23 23 23 
0: 12 
1: 10 21 
2: 8 11 17 23 
3: 5 8 10 11 12 17 21 23 
4: 5 5 8 8 10 10 11 11 12 12 17 17 21 21 23 23 
5: 5 5 5 5 8 8 8 8 10 10 10 10 11 11 11 11 12 12 12 12 17 17 17 17 21 21 21 21 23 23 23 23 
6: 5 5 5 5 5 5 5 5 8 8 8 8 8 8 8 8 10 10 10 10 10 10 10 10 11 11 11 11 11 11 11 11 12 12 12 12 12 12 12 12 17 17 17 17 17 17 17 17 21 21 21 21 21 21 21 21 23 23 23 23 23 23 23 23 
7: 5 5 5 5 5 8 8 8 8 10 10 10 10 11 11 11 11 12 12 12 12 17 17 17 17 21 21 21 21 23 23 23 23 
0: 12 
1: 10 21 
2: 8 11 17 23 
3: 5 8 10 11 12 17 21 23 
4: 5 5 8 8 10 10 11 11 12 12 17 17 21 21 23 23 
5: 5 5 5 5 8 8 8 8 10 10 10 10 11 11 11 11 12 12 12 12 17 17 17 17 21 21 21 21 23 23 23 23 
6: 5 5 5 5 5 5 5 5 8 8 8 8 8 8 8 8 10 10 10 10 10 10 10 10 11 11 11 11 11 11 11 11 12 12 12 12 12 12 12 12 17 17 17 17 17 17 17 17 21 21 21 21 21 21 21 21 23 23 23 23 23 23 23 23 
7: 5 5 5 5 5 5 8 8 8 8 8 10 10 10 10 10 11 11 11 11 11 12 12 12 12 12 17 17 17 17 17 21 21 21 21 21 23 23 23 23 23 
0: 12 
1: 10 21 
2: 8 11 17 23 
3: 5 8 10 11 12 17 21 23 
4: 5 5 8 8 10 10 11 11 12 12 17 17 21 21 23 23 
5: 5 5 5 5 8 8 8 8 10 10 10 10 11 11 11 11 12 12 12 12 17 17 17 17 21 21 21 21 23 23 23 23 
6: 5 5 5 5 5 5 5 5 8 8 8 8 8 8 8 8 10 10 10 10 10 10 10 10 11 11 11 11 11 11 11 11 12 12 12 12 12 12 12 12 17 17 17 17 17 17 17 17 21 21 21 21 21 21 21 21 23 23 23 23 23 23 23 23 
7: 5 5 5 5 5 5 5 8 8 8 8 8 8 10 10 10 10 10 10 11 11 11 11 11 11 12 12 12 12 12 12 17 17 17 17 17 17 21 21 21 21 21 21 23 23 23 23 23 23 
0: 12 
1: 10 21 
2: 8 11 17 23 
3: 5 8 10 11 12 17 21 23 
4: 5 5 8 8 10 10 11 11 12 12 17 17 21 21 23 23 
5: 5 5 5 5 8 8 8 8 10 10 10 10 11 11 11 11 12 12 12 12 17 17 17 17 21 21 21 21 23 23 23 23 
6: 5 5 5 5 5 5 5 5 8 8 8 8 8 8 8 8 10 10 10 10 10 10 10 10 11 11 11 11 11 11 11 11 12 12 12 12 12 12 12 12 17 17 17 17 17 17 17 17 21 21 21 21 21 21 21 21 23 23 23 23 23 23 23 23 
7: 5 5 5 5 5 5 5 5 8 8 8 8 8 8 8 10 10 10 10 10 10 10 11 11 11 11 11 11 11 12 12 12 12 12 12 12 17 17 17 17 17 17 17 21 21 21 21 21 21 21 23 23 23 23 23 23 23 
0: 12 
1: 10 21 
2: 8 11 17 23 
3: 5 8 10 11 12 17 21 23 
4: 5 5 8 8 10 10 11 11 12 12 17 17 21 21 23 23 
5: 5 5 5 5 8 8 8 8 10 10 10 10 11 11 11 11 12 12 12 12 17 17 17 17 21 21 21 21 23 23 23 23 
6: 5 5 5 5 5 5 5 5 8 8 8 8 8 8 8 8 10 10 10 10 10 10 10 10 11 11 11 11 11 11 11 11 12 12 12 12 12 12 12 12 17 17 17 17 17 17 17 17 21 21 21 21 21 21 21 21 23 23 23 23 23 23 23 23 
7: 5 5 5 5 5 5 5 5 5 8 8 8 8 8 8 8 8 10 10 10 10 10 10 10 10 11 11 11 11 11 11 11 11 12 12 12 12 12 12 12 12 17 17 17 17 17 17 17 17 21 21 21 21 21 21 21 21 23 23 23 23 23 23 23 23 
0: 12 
1: 10 21 
2: 8 11 17 23 
3: 5 8 10 11 12 17 21 23 
4: 5 5 8 8 10 10 11 11 12 12 17 17 21 21 23 23 
5: 5 5 5 5 8 8 8 8 10 10 10 10 11 11 11 11 12 12 12 12 17 17 17 17 21 21 21 21 23 23 23 23 
6: 5 5 5 5 5 5 5 5 8 8 8 8 8 8 8 8 10 10 10 10 10 10 10 10 11 11 11 11 11 11 11 11 12 12 12 12 12 12 12 12 17 17 17 17 17 17 17 17 21 21 21 21 21 21 21 21 23 23 23 23 23 23 23 23 
7: 5 5 5 5 5 5 5 5 5 5 8 8 8 8 8 8 8 8 8 10 10 10 10 10 10 10 10 10 11 11 11 11 11 11 11 11 11 12 12 12 12 12 12 12 12 12 17 17 17 17 17 17 17 17 17 21 21 21 21 21 21 21 21 21 23 23 23 23 23 23 23 23 23 
0: 12 
1: 10 21 
2: 8 11 17 23 
3: 5 8 10 11 12 17 21 23 
4: 5 5 8 8 10 10 11 11 12 12 17 17 21 21 23 23 
5: 5 5 5 5 8 8 8 8 10 10 10 10 11 11 11 11 12 12 12 12 17 17 17 17 21 21 21 21 23 23 23 23 
6: 5 5 5 5 5 5 5 5 8 8 8 8 8 8 8 8 10 10 10 10 10 10 10 10 11 11 11 11 11 11 11 11 12 12 12 12 12 12 12 12 17 17 17 17 17 17 17 17 21 21 21 21 21 21 21 21 23 23 23 23 23 23 23 23 
7: 5 5 5 5 5 5 5 5 5 5 5 8 8 8 8 8 8 8 8 8 8 10 10 10 10 10 10 10 10 10 10 11 11 11 11 11 11 11 11 11 11 12 12 12 12 12 12 12 12 12 12 17 17 17 17 17 17 17 17 17 17 21 21 21 21 21 21 21 21 21 21 23 23 23 23 23 23 23 23 23 23 
0: 12 
1: 10 21 
2: 8 11 17 23 
3: 5 8 10 11 12 17 21 23 
4: 5 5 8 8 10 10 11 11 12 12 17 17 21 21 23 23 
5: 5 5 5 5 8 8 8 8 10 10 10 10 11 11 11 11 12 12 12 12 17 17 17 17 21 21 21 21 23 23 23 23 
6: 5 5 5 5 5 5 5 5 8 8 8 8 8 8 8 8 10 10 10 10 10 10 10 10 11 11 11 11 11 11 11 11 12 12 12 12 12 12 12 12 17 17 17 17 17 17 17 17 21 21 21 21 21 21 21 21 23 23 23 23 23 23 23 23 
7: 5 5 5 5 5 5 5 5 5 5 5 5 8 8 8 8 8 8 8 8 8 8 8 10 10 10 10 10 10 10 10 10 10 10 11 11 11 11 11 11 11 11 11 11 11 12 12 12 12 12 12 12 12 12 12 12 17 17 17 17 17 17 17 17 17 17 17 21 21 21 21 21 21 21 21 21 21 21 23 23 23 23 23 23 23 23 23 23 23 
0: 12 
1: 10 21 
2: 8 11 17 23 
3: 5 8 10 11 12 17 21 23 
4: 5 5 8 8 10 10 11 11 12 12 17 17 21 21 23 23 
5: 5 5 5 5 8 8 8 8 10 10 10 10 11 11 11 11 12 12 12 12 17 17 17 17 21 21 21 21 23 23 23 23 
6: 5 5 5 5 5 5 5 5 8 8 8 8 8 8 8 8 10 10 10 10 10 10 10 10 11 11 11 11 11 11 11 11 12 12 12 12 12 12 12 12 17 17 17 17 17 17 17 17 21 21 21 21 21 21 21 21 23 23 23 23 23 23 23 23 
7: 5 5 5 5 5 5 5 5 5 5 5 5 5 8 8 8 8 8 8 8 8 8 8 8 8 10 10 10 10 10 10 10 10 10 10 10 10 11 11 11 11 11 11 11 11 11 11 11 11 12 12 12 12 12 12 12 12 12 12 12 12 17 17 17 17 17 17 17 17 17 17 17 17 21 21 21 21 21 21 21 21 21 21 21 21 23 23 23 23 23 23 23 23 23 23 23 23 
0: 12 
1: 10 21 
2: 8 11 17 23 
3: 5 8 10 11 12 17 21 23 
4: 5 5 8 8 10 10 11 11 12 12 17 17 21 21 23 23 
5: 5 5 5 5 8 8 8 8 10 10 10 10 11 11 11 11 12 12 12 12 17 17 17 17 21 21 21 21 23 23 23 23 
6: 5 5 5 5 5 5 5 5 8 8 8 8 8 8 8 8 10 10 10 10 10 10 10 10 11 11 11 11 11 11 11 11 12 12 12 12 12 12 12 12 17 17 17 17 17 17 17 17 21 21 21 21 21 21 21 21 23 23 23 23 23 23 23 23 
7: 5 5 5 5 5 5 5 5 5 5 5 5 5 5 8 8 8 8 8 8 8 8 8 8 8 8 8 10 10 10 10 10 10 10 10 10 10 10 10 10 11 11 11 11 11 11 11 11 11 11 11 11 11 12 12 12 12 12 12 12 12 12 12 12 12 12 17 17 17 17 17 17 17 17 17 17 17 17 17 21 21 21 21 21 21 21 21 21 21 21 21 21 23 23 23 23 23 23 23 23 23 23 23 23 23 
0: 12 
1: 10 21 
2: 8 11 17 23 
3: 5 8 10 11 12 17 21 23 
4: 5 5 8 8 10 10 11 11 12 12 17 17 21 21 23 23 
5: 5 5 5 5 8 8 8 8 10 10 10 10 11 11 11 11 12 12 12 12 17 17 17 17 21 21 21 21 23 23 23 23 
6: 5 5 5 5 5 5 5 5 8 8 8 8 8 8 8 8 10 10 10 10 10 10 10 10 11 11 11 11 11 11 11 11 12 12 12 12 12 12 12 12 17 17 17 17 17 17 17 17 21 21 21 21 21 21 21 21 23 23 23 23 23 23 23 23 
7: 5 5 5 5 5 5 5 5 5 5 5 5 5 5 5 8 8 8 8 8 8 8 8 8 8 8 8 8 8 10 10 10 10 10 10 10 10 10 10 10 10 10 10 11 11 11 11 11 11 11 11 11 11 11 11 11 11 12 12 12 12 12 12 12 12 12 12 12 12 12 12 17 17 17 17 17 17 17 17 17 17 17 17 17 17 21 21 21 21 21 21 21 21 21 21 21 21 21 21 23 23 23 23 23 23 23 23 23 23 23 23 23 23 
0: 12 
1: 10 21 
2: 8 11 17 23 
3: 5 8 10 11 12 17 21 23 
4: 5 5 8 8 10 10 11 11 12 12 17 17 21 21 23 23 
5: 5 5 5 5 8 8 8 8 10 10 10 10 11 11 11 11 12 12 12 12 17 17 17 17 21 21 21 21 23 23 23 23 
6: 5 5 5 5 5 5 5 5 8 8 8 8 8 8 8 8 10 10 10 10 10 10 10 10 11 11 11 11 11 11 11 11 12 12 12 12 12 12 12 12 17 17 17 17 17 17 17 17 21 21 21 21 21 21 21 21 23 23 23 23 23 23 23 23 
7: 5 5 5 5 5 5 5 5 5 5 5 5 5 5 5 5 8 8 8 8 8 8 8 8 8 8 8 8 8 8 8 10 10 10 10 10 10 10 10 10 10 10 10 10 10 10 11 11 11 11 11 11 11 11 11 11 11 11 11 11 11 12 12 12 12 12 12 12 12 12 12 12 12 12 12 12 17 17 17 17 17 17 17 17 17 17 17 17 17 17 17 21 21 21 21 21 21 21 21 21 21 21 21 21 21 21 23 23 23 23 23 23 23 23 23 23 23 23 23 23 23 
0: 12 
1: 10 21 
2: 8 11 17 23 
3: 5 8 10 11 12 17 21 23 
4: 5 5 8 8 10 10 11 11 12 12 17 17 21 21 23 23 
5: 5 5 5 5 8 8 8 8 10 10 10 10 11 11 11 11 12 12 12 12 17 17 17 17 21 21 21 21 23 23 23 23 
6: 5 5 5 5 5 5 5 5 8 8 8 8 8 8 8 8 10 10 10 10 10 10 10 10 11 11 11 11 11 11 11 11 12 12 12 12 12 12 12 12 17 17 17 17 17 17 17 17 21 21 21 21 21 21 21 21 23 23 23 23 23 23 23 23 
7: 5 5 5 5 5 5 5 5 5 5 5 5 5 5 5 5 8 8 8 8 8 8 8 8 8 8 8 8 8 8 8 8 10 10 10 10 10 10 10 10 10 10 10 10 10 10 10 10 11 11 11 11 11 11 11 11 11 11 11 11 11 11 11 11 12 12 12 12 12 12 12 12 12 12 12 12 12 12 12 12 17 17 17 17 17 17 17 17 17 17 17 17 17 17 17 17 21 21 21 21 21 21 21 21 21 21 21 21 21 21 21 21 23 23 23 23 23 23 23 23 23 23 23 23 23 23 23 23 
8: 5 
0: 12 
1: 10 21 
2: 8 11 17 23 
3: 5 8 10 11 12 17 21 23 
4: 5 5 8 8 10 10 11 11 12 12 17 17 21 21 23 23 
5: 5 5 5 5 8 8 8 8 10 10 10 10 11 11 11 11 12 12 12 12 17 17 17 17 21 21 21 21 23 23 23 23 
6: 5 5 5 5 5 5 5 5 8 8 8 8 8 8 8 8 10 10 10 10 10 10 10 10 11 11 11 11 11 11 11 11 12 12 12 12 12 12 12 12 17 17 17 17 17 17 17 17 21 21 21 21 21 21 21 21 23 23 23 23 23 23 23 23 
7: 5 5 5 5 5 5 5 5 5 5 5 5 5 5 5 5 8 8 8 8 8 8 8 8 8 8 8 8 8 8 8 8 10 10 10 10 10 10 10 10 10 10 10 10 10 10 10 10 11 11 11 11 11 11 11 11 11 11 11 11 11 11 11 11 12 12 12 12 12 12 12 12 12 12 12 12 12 12 12 12 17 17 17 17 17 17 17 17 17 17 17 17 17 17 17 17 21 21 21 21 21 21 21 21 21 21 21 21 21 21 21 21 23 23 23 23 23 23 23 23 23 23 23 23 23 23 23 23 
8: 5 5 8 10 11 12 17 21 23 
0: 12 
1: 10 21 
2: 8 11 17 23 
3: 5 8 10 11 12 17 21 23 
4: 5 5 8 8 10 10 11 11 12 12 17 17 21 21 23 23 
5: 5 5 5 5 8 8 8 8 10 10 10 10 11 11 11 11 12 12 12 12 17 17 17 17 21 21 21 21 23 23 23 23 
6: 5 5 5 5 5 5 5 5 8 8 8 8 8 8 8 8 10 10 10 10 10 10 10 10 11 11 11 11 11 11 11 11 12 12 12 12 12 12 12 12 17 17 17 17 17 17 17 17 21 21 21 21 21 21 21 21 23 23 23 23 23 23 23 23 
7: 5 5 5 5 5 5 5 5 5 5 5 5 5 5 5 5 8 8 8 8 8 8 8 8 8 8 8 8 8 8 8 8 10 10 10 10 10 10 10 10 10 10 10 10 10 10 10 10 11 11 11 11 11 11 11 11 11 11 11 11 11 11 11 11 12 12 12 12 12 12 12 12 12 12 12 12 12 12 12 12 17 17 17 17 17 17 17 17 17 17 17 17 17 17 17 17 21 21 21 21 21 21 21 21 21 21 21 21 21 21 21 21 23 23 23 23 23 23 23 23 23 23 23 23 23 23 23 23 
8: 5 5 5 8 8 10 10 11 11 12 12 17 17 21 21 23 23 
0: 12 
1: 10 21 
2: 8 11 17 23 
3: 5 8 10 11 12 17 21 23 
4: 5 5 8 8 10 10 11 11 12 12 17 17 21 21 23 23 
5: 5 5 5 5 8 8 8 8 10 10 10 10 11 11 11 11 12 12 12 12 17 17 17 17 21 21 21 21 23 23 23 23 
6: 5 5 5 5 5 5 5 5 8 8 8 8 8 8 8 8 10 10 10 10 10 10 10 10 11 11 11 11 11 11 11 11 12 12 12 12 12 12 12 12 17 17 17 17 17 17 17 17 21 21 21 21 21 21 21 21 23 23 23 23 23 23 23 23 
7: 5 5 5 5 5 5 5 5 5 5 5 5 5 5 5 5 8 8 8 8 8 8 8 8 8 8 8 8 8 8 8 8 10 10 10 10 10 10 10 10 10 10 10 10 10 10 10 10 11 11 11 11 11 11 11 11 11 11 11 11 11 11 11 11 12 12 12 12 12 12 12 12 12 12 12 12 12 12 12 12 17 17 17 17 17 17 17 17 17 17 17 17 17 17 17 17 21 21 21 21 21 21 21 21 21 21 21 21 21 21 21 21 23 23 23 23 23 23 23 23 23 23 23 23 23 23 23 23 
8: 5 5 5 5 8 8 8 10 10 10 11 11 11 12 12 12 17 17 17 21 21 21 23 23 23 
0: 12 
1: 10 21 
2: 8 11 17 23 
3: 5 8 10 11 12 17 21 23 
4: 5 5 8 8 10 10 11 11 12 12 17 17 21 21 23 23 
5: 5 5 5 5 8 8 8 8 10 10 10 10 11 11 11 11 12 12 12 12 17 17 17 17 21 21 21 21 23 23 23 23 
6: 5 5 5 5 5 5 5 5 8 8 8 8 8 8 8 8 10 10 10 10 10 10 10 10 11 11 11 11 11 11 11 11 12 12 12 12 12 12 12 12 17 17 17 17 17 17 17 17 21 21 21 21 21 21 21 21 23 23 23 23 23 23 23 23 
7: 5 5 5 5 5 5 5 5 5 5 5 5 5 5 5 5 8 8 8 8 8 8 8 8 8 8 8 8 8 8 8 8 10 10 10 10 10 10 10 10 10 10 10 10 10 10 10 10 11 11 11 11 11 11 11 11 11 11 11 11 11 11 11 11 12 12 12 12 12 12 12 12 12 12 12 12 12 12 12 12 17 17 17 17 17 17 17 17 17 17 17 17 17 17 17 17 21 21 21 21 21 21 21 21 21 21 21 21 21 21 21 21 23 23 23 23 23 23 23 23 23 23 23 23 23 23 23 23 
8: 5 5 5 5 5 8 8 8 8 10 10 10 10 11 11 11 11 12 12 12 12 17 17 17 17 21 21 21 21 23 23 23 23 
0: 12 
1: 10 21 
2: 8 11 17 23 
3: 5 8 10 11 12 17 21 23 
4: 5 5 8 8 10 10 11 11 12 12 17 17 21 21 23 23 
5: 5 5 5 5 8 8 8 8 10 10 10 10 11 11 11 11 12 12 12 12 17 17 17 17 21 21 21 21 23 23 23 23 
6: 5 5 5 5 5 5 5 5 8 8 8 8 8 8 8 8 10 10 10 10 10 10 10 10 11 11 11 11 11 11 11 11 12 12 12 12 12 12 12 12 17 17 17 17 17 17 17 17 21 21 21 21 21 21 21 21 23 23 23 23 23 23 23 23 
7: 5 5 5 5 5 5 5 5 5 5 5 5 5 5 5 5 8 8 8 8 8 8 8 8 8 8 8 8 8 8 8 8 10 10 10 10 10 10 10 10 10 10 10 10 10 10 10 10 11 11 11 11 11 11 11 11 11 11 11 11 11 11 11 11 12 12 12 12 12 12 12 12 12 12 12 12 12 12 12 12 17 17 17 17 17 17 17 17 17 17 17 17 17 17 17 17 21 21 21 21 21 21 21 21 21 21 21 21 21 21 21 21 23 23 23 23 23 23 23 23 23 23 23 23 23 23 23 23 
8: 5 5 5 5 5 5 8 8 8 8 8 10 10 10 10 10 11 11 11 11 11 12 12 12 12 12 17 17 17 17 17 21 21 21 21 21 23 23 23 23 23 
0: 12 
1: 10 21 
2: 8 11 17 23 
3: 5 8 10 11 12 17 21 23 
4: 5 5 8 8 10 10 11 11 12 12 17 17 21 21 23 23 
5: 5 5 5 5 8 8 8 8 10 10 10 10 11 11 11 11 12 12 12 12 17 17 17 17 21 21 21 21 23 23 23 23 
6: 5 5 5 5 5 5 5 5 8 8 8 8 8 8 8 8 10 10 10 10 10 10 10 10 11 11 11 11 11 11 11 11 12 12 12 12 12 12 12 12 17 17 17 17 17 17 17 17 21 21 21 21 21 21 21 21 23 23 23 23 23 23 23 23 
7: 5 5 5 5 5 5 5 5 5 5 5 5 5 5 5 5 8 8 8 8 8 8 8 8 8 8 8 8 8 8 8 8 10 10 10 10 10 10 10 10 10 10 10 10 10 10 10 10 11 11 11 11 11 11 11 11 11 11 11 11 11 11 11 11 12 12 12 12 12 12 12 12 12 12 12 12 12 12 12 12 17 17 17 17 17 17 17 17 17 17 17 17 17 17 17 17 21 21 21 21 21 21 21 21 21 21 21 21 21 21 21 21 23 23 23 23 23 23 23 23 23 23 23 23 23 23 23 23 
8: 5 5 5 5 5 5 5 8 8 8 8 8 8 10 10 10 10 10 10 11 11 11 11 11 11 12 12 12 12 12 12 17 17 17 17 17 17 21 21 21 21 21 21 23 23 23 23 23 23 
0: 12 
1: 10 21 
2: 8 11 17 23 
3: 5 8 10 11 12 17 21 23 
4: 5 5 8 8 10 10 11 11 12 12 17 17 21 21 23 23 
5: 5 5 5 5 8 8 8 8 10 10 10 10 11 11 11 11 12 12 12 12 17 17 17 17 21 21 21 21 23 23 23 23 
6: 5 5 5 5 5 5 5 5 8 8 8 8 8 8 8 8 10 10 10 10 10 10 10 10 11 11 11 11 11 11 11 11 12 12 12 12 12 12 12 12 17 17 17 17 17 17 17 17 21 21 21 21 21 21 21 21 23 23 23 23 23 23 23 23 
7: 5 5 5 5 5 5 5 5 5 5 5 5 5 5 5 5 8 8 8 8 8 8 8 8 8 8 8 8 8 8 8 8 10 10 10 10 10 10 10 10 10 10 10 10 10 10 10 10 11 11 11 11 11 11 11 11 11 11 11 11 11 11 11 11 12 12 12 12 12 12 12 12 12 12 12 12 12 12 12 12 17 17 17 17 17 17 17 17 17 17 17 17 17 17 17 17 21 21 21 21 21 21 21 21 21 21 21 21 21 21 21 21 23 23 23 23 23 23 23 23 23 23 23 23 23 23 23 23 
8: 5 5 5 5 5 5 5 5 8 8 8 8 8 8 8 10 10 10 10 10 10 10 11 11 11 11 11 11 11 12 12 12 12 12 12 12 17 17 17 17 17 17 17 21 21 21 21 21 21 21 23 23 23 23 23 23 23 
0: 12 
1: 10 21 
2: 8 11 17 23 
3: 5 8 10 11 12 17 21 23 
4: 5 5 8 8 10 10 11 11 12 12 17 17 21 21 23 23 
5: 5 5 5 5 8 8 8 8 10 10 10 10 11 11 11 11 12 12 12 12 17 17 17 17 21 21 21 21 23 23 23 23 
6: 5 5 5 5 5 5 5 5 8 8 8 8 8 8 8 8 10 10 10 10 10 10 10 10 11 11 11 11 11 11 11 11 12 12 12 12 12 12 12 12 17 17 17 17 17 17 17 17 21 21 21 21 21 21 21 21 23 23 23 23 23 23 23 23 
7: 5 5 5 5 5 5 5 5 5 5 5 5 5 5 5 5 8 8 8 8 8 8 8 8 8 8 8 8 8 8 8 8 10 10 10 10 10 10 10 10 10 10 10 10 10 10 10 10 11 11 11 11 11 11 11 11 11 11 11 11 11 11 11 11 12 12 12 12 12 12 12 12 12 12 12 12 12 12 12 12 17 17 17 17 17 17 17 17 17 17 17 17 17 17 17 17 21 21 21 21 21 21 21 21 21 21 21 21 21 21 21 21 23 23 23 23 23 23 23 23 23 23 23 23 23 23 23 23 
8: 5 5 5 5 5 5 5 5 5 8 8 8 8 8 8 8 8 10 10 10 10 10 10 10 10 11 11 11 11 11 11 11 11 12 12 12 12 12 12 12 12 17 17 17 17 17 17 17 17 21 21 21 21 21 21 21 21 23 23 23 23 23 23 23 23 
0: 12 
1: 10 21 
2: 8 11 17 23 
3: 5 8 10 11 12 17 21 23 
4: 5 5 8 8 10 10 11 11 12 12 17 17 21 21 23 23 
5: 5 5 5 5 8 8 8 8 10 10 10 10 11 11 11 11 12 12 12 12 17 17 17 17 21 21 21 21 23 23 23 23 
6: 5 5 5 5 5 5 5 5 8 8 8 8 8 8 8 8 10 10 10 10 10 10 10 10 11 11 11 11 11 11 11 11 12 12 12 12 12 12 12 12 17 17 17 17 17 17 17 17 21 21 21 21 21 21 21 21 23 23 23 23 23 23 23 23 
7: 5 5 5 5 5 5 5 5 5 5 5 5 5 5 5 5 8 8 8 8 8 8 8 8 8 8 8 8 8 8 8 8 10 10 10 10 10 10 10 10 10 10 10 10 10 10 10 10 11 11 11 11 11 11 11 11 11 11 11 11 11 11 11 11 12 12 12 12 12 12 12 12 12 12 12 12 12 12 12 12 17 17 17 17 17 17 17 17 17 17 17 17 17 17 17 17 21 21 21 21 21 21 21 21 21 21 21 21 21 21 21 21 23 23 23 23 23 23 23 23 23 23 23 23 23 23 23 23 
8: 5 5 5 5 5 5 5 5 5 5 8 8 8 8 8 8 8 8 8 10 10 10 10 10 10 10 10 10 11 11 11 11 11 11 11 11 11 12 12 12 12 12 12 12 12 12 17 17 17 17 17 17 17 17 17 21 21 21 21 21 21 21 21 21 23 23 23 23 23 23 23 23 23 
0: 12 
1: 10 21 
2: 8 11 17 23 
3: 5 8 10 11 12 17 21 23 
4: 5 5 8 8 10 10 11 11 12 12 17 17 21 21 23 23 
5: 5 5 5 5 8 8 8 8 10 10 10 10 11 11 11 11 12 12 12 12 17 17 17 17 21 21 21 21 23 23 23 23 
6: 5 5 5 5 5 5 5 5 8 8 8 8 8 8 8 8 10 10 10 10 10 10 10 10 11 11 11 11 11 11 11 11 12 12 12 12 12 12 12 12 17 17 17 17 17 17 17 17 21 21 21 21 21 21 21 21 23 23 23 23 23 23 23 23 
7: 5 5 5 5 5 5 5 5 5 5 5 5 5 5 5 5 8 8 8 8 8 8 8 8 8 8 8 8 8 8 8 8 10 10 10 10 10 10 10 10 10 10 10 10 10 10 10 10 11 11 11 11 11 11 11 11 11 11 11 11 11 11 11 11 12 12 12 12 12 12 12 12 12 12 12 12 12 12 12 12 17 17 17 17 17 17 17 17 17 17 17 17 17 17 17 17 21 21 21 21 21 21 21 21 21 21 21 21 21 21 21 21 23 23 23 23 23 23 23 23 23 23 23 23 23 23 23 23 
8: 5 5 5 5 5 5 5 5 5 5 5 8 8 8 8 8 8 8 8 8 8 10 10 10 10 10 10 10 10 10 10 11 11 11 11 11 11 11 11 11 11 12 12 12 12 12 12 12 12 12 12 17 17 17 17 17 17 17 17 17 17 21 21 21 21 21 21 21 21 21 21 23 23 23 23 23 23 23 23 23 23 
0: 12 
1: 10 21 
2: 8 11 17 23 
3: 5 8 10 11 12 17 21 23 
4: 5 5 8 8 10 10 11 11 12 12 17 17 21 21 23 23 
5: 5 5 5 5 8 8 8 8 10 10 10 10 11 11 11 11 12 12 12 12 17 17 17 17 21 21 21 21 23 23 23 23 
6: 5 5 5 5 5 5 5 5 8 8 8 8 8 8 8 8 10 10 10 10 10 10 10 10 11 11 11 11 11 11 11 11 12 12 12 12 12 12 12 12 17 17 17 17 17 17 17 17 21 21 21 21 21 21 21 21 23 23 23 23 23 23 23 23 
7: 5 5 5 5 5 5 5 5 5 5 5 5 5 5 5 5 8 8 8 8 8 8 8 8 8 8 8 8 8 8 8 8 10 10 10 10 10 10 10 10 10 10 10 10 10 10 10 10 11 11 11 11 11 11 11 11 11 11 11 11 11 11 11 11 12 12 12 12 12 12 12 12 12 12 12 12 12 12 12 12 17 17 17 17 17 17 17 17 17 17 17 17 17 17 17 17 21 21 21 21 21 21 21 21 21 21 21 21 21 21 21 21 23 23 23 23 23 23 23 23 23 23 23 23 23 23 23 23 
8: 5 5 5 5 5 5 5 5 5 5 5 5 8 8 8 8 8 8 8 8 8 8 8 10 10 10 10 10 10 10 10 10 10 10 11 11 11 11 11 11 11 11 11 11 11 12 12 12 12 12 12 12 12 12 12 12 17 17 17 17 17 17 17 17 17 17 17 21 21 21 21 21 21 21 21 21 21 21 23 23 23 23 23 23 23 23 23 23 23 
0: 12 
1: 10 21 
2: 8 11 17 23 
3: 5 8 10 11 12 17 21 23 
4: 5 5 8 8 10 10 11 11 12 12 17 17 21 21 23 23 
5: 5 5 5 5 8 8 8 8 10 10 10 10 11 11 11 11 12 12 12 12 17 17 17 17 21 21 21 21 23 23 23 23 
6: 5 5 5 5 5 5 5 5 8 8 8 8 8 8 8 8 10 10 10 10 10 10 10 10 11 11 11 11 11 11 11 11 12 12 12 12 12 12 12 12 17 17 17 17 17 17 17 17 21 21 21 21 21 21 21 21 23 23 23 23 23 23 23 23 
7: 5 5 5 5 5 5 5 5 5 5 5 5 5 5 5 5 8 8 8 8 8 8 8 8 8 8 8 8 8 8 8 8 10 10 10 10 10 10 10 10 10 10 10 10 10 10 10 10 11 11 11 11 11 11 11 11 11 11 11 11 11 11 11 11 12 12 12 12 12 12 12 12 12 12 12 12 12 12 12 12 17 17 17 17 17 17 17 17 17 17 17 17 17 17 17 17 21 21 21 21 21 21 21 21 21 21 21 21 21 21 21 21 23 23 23 23 23 23 23 23 23 23 23 23 23 23 23 23 
8: 5 5 5 5 5 5 5 5 5 5 5 5 5 8 8 8 8 8 8 8 8 8 8 8 8 10 10 10 10 10 10 10 10 10 10 10 10 11 11 11 11 11 11 11 11 11 11 11 11 12 12 12 12 12 12 12 12 12 12 12 12 17 17 17 17 17 17 17 17 17 17 17 17 21 21 21 21 21 21 21 21 21 21 21 21 23 23 23 23 23 23 23 23 23 23 23 23 
0: 12 
1: 10 21 
2: 8 11 17 23 
3: 5 8 10 11 12 17 21 23 
4: 5 5 8 8 10 10 11 11 12 12 17 17 21 21 23 23 
5: 5 5 5 5 8 8 8 8 10 10 10 10 11 11 11 11 12 12 12 12 17 17 17 17 21 21 21 21 23 23 23 23 
6: 5 5 5 5 5 5 5 5 8 8 8 8 8 8 8 8 10 10 10 10 10 10 10 10 11 11 11 11 11 11 11 11 12 12 12 12 12 12 12 12 17 17 17 17 17 17 17 17 21 21 21 21 21 21 21 21 23 23 23 23 23 23 23 23 
7: 5 5 5 5 5 5 5 5 5 5 5 5 5 5 5 5 8 8 8 8 8 8 8 8 8 8 8 8 8 8 8 8 10 10 10 10 10 10 10 10 10 10 10 10 10 10 10 10 11 11 11 11 11 11 11 11 11 11 11 11 11 11 11 11 12 12 12 12 12 12 12 12 12 12 12 12 12 12 12 12 17 17 17 17 17 17 17 17 17 17 17 17 17 17 17 17 21 21 21 21 21 21 21 21 21 21 21 21 21 21 21 21 23 23 23 23 23 23 23 23 23 23 23 23 23 23 23 23 
8: 5 5 5 5 5 5 5 5 5 5 5 5 5 5 8 8 8 8 8 8 8 8 8 8 8 8 8 10 10 10 10 10 10 10 10 10 10 10 10 10 11 11 11 11 11 11 11 11 11 11 11 11 11 12 12 12 12 12 12 12 12 12 12 12 12 12 17 17 17 17 17 17 17 17 17 17 17 17 17 21 21 21 21 21 21 21 21 21 21 21 21 21 23 23 23 23 23 23 23 23 23 23 23 23 23 
0: 12 
1: 10 21 
2: 8 11 17 23 
3: 5 8 10 11 12 17 21 23 
4: 5 5 8 8 10 10 11 11 12 12 17 17 21 21 23 23 
5: 5 5 5 5 8 8 8 8 10 10 10 10 11 11 11 11 12 12 12 12 17 17 17 17 21 21 21 21 23 23 23 23 
6: 5 5 5 5 5 5 5 5 8 8 8 8 8 8 8 8 10 10 10 10 10 10 10 10 11 11 11 11 11 11 11 11 12 12 12 12 12 12 12 12 17 17 17 17 17 17 17 17 21 21 21 21 21 21 21 21 23 23 23 23 23 23 23 23 
7: 5 5 5 5 5 5 5 5 5 5 5 5 5 5 5 5 8 8 8 8 8 8 8 8 8 8 8 8 8 8 8 8 10 10 10 10 10 10 10 10 10 10 10 10 10 10 10 10 11 11 11 11 11 11 11 11 11 11 11 11 11 11 11 11 12 12 12 12 12 12 12 12 12 12 12 12 12 12 12 12 17 17 17 17 17 17 17 17 17 17 17 17 17 17 17 17 21 21 21 21 21 21 21 21 21 21 21 21 21 21 21 21 23 23 23 23 23 23 23 23 23 23 23 23 23 23 23 23 
8: 5 5 5 5 5 5 5 5 5 5 5 5 5 5 5 8 8 8 8 8 8 8 8 8 8 8 8 8 8 10 10 10 10 10 10 10 10 10 10 10 10 10 10 11 11 11 11 11 11 11 11 11 11 11 11 11 11 12 12 12 12 12 12 12 12 12 12 12 12 12 12 17 17 17 17 17 17 17 17 17 17 17 17 17 17 21 21 21 21 21 21 21 21 21 21 21 21 21 21 23 23 23 23 23 23 23 23 23 23 23 23 23 23 
0: 12 
1: 10 21 
2: 8 11 17 23 
3: 5 8 10 11 12 17 21 23 
4: 5 5 8 8 10 10 11 11 12 12 17 17 21 21 23 23 
5: 5 5 5 5 8 8 8 8 10 10 10 10 11 11 11 11 12 12 12 12 17 17 17 17 21 21 21 21 23 23 23 23 
6: 5 5 5 5 5 5 5 5 8 8 8 8 8 8 8 8 10 10 10 10 10 10 10 10 11 11 11 11 11 11 11 11 12 12 12 12 12 12 12 12 17 17 17 17 17 17 17 17 21 21 21 21 21 21 21 21 23 23 23 23 23 23 23 23 
7: 5 5 5 5 5 5 5 5 5 5 5 5 5 5 5 5 8 8 8 8 8 8 8 8 8 8 8 8 8 8 8 8 10 10 10 10 10 10 10 10 10 10 10 10 10 10 10 10 11 11 11 11 11 11 11 11 11 11 11 11 11 11 11 11 12 12 12 12 12 12 12 12 12 12 12 12 12 12 12 12 17 17 17 17 17 17 17 17 17 17 17 17 17 17 17 17 21 21 21 21 21 21 21 21 21 21 21 21 21 21 21 21 23 23 23 23 23 23 23 23 23 23 23 23 23 23 23 23 
8: 5 5 5 5 5 5 5 5 5 5 5 5 5 5 5 5 8 8 8 8 8 8 8 8 8 8 8 8 8 8 8 10 10 10 10 10 10 10 10 10 10 10 10 10 10 10 11 11 11 11 11 11 11 11 11 11 11 11 11 11 11 12 12 12 12 12 12 12 12 12 12 12 12 12 12 12 17 17 17 17 17 17 17 17 17 17 17 17 17 17 17 21 21 21 21 21 21 21 21 21 21 21 21 21 21 21 23 23 23 23 23 23 23 23 23 23 23 23 23 23 23 
0: 12 
1: 10 21 
2: 8 11 17 23 
3: 5 8 10 11 12 17 21 23 
4: 5 5 8 8 10 10 11 11 12 12 17 17 21 21 23 23 
5: 5 5 5 5 8 8 8 8 10 10 10 10 11 11 11 11 12 12 12 12 17 17 17 17 21 21 21 21 23 23 23 23 
6: 5 5 5 5 5 5 5 5 8 8 8 8 8 8 8 8 10 10 10 10 10 10 10 10 11 11 11 11 11 11 11 11 12 12 12 12 12 12 12 12 17 17 17 17 17 17 17 17 21 21 21 21 21 21 21 21 23 23 23 23 23 23 23 23 
7: 5 5 5 5 5 5 5 5 5 5 5 5 5 5 5 5 8 8 8 8 8 8 8 8 8 8 8 8 8 8 8 8 10 10 10 10 10 10 10 10 10 10 10 10 10 10 10 10 11 11 11 11 11 11 11 11 11 11 11 11 11 11 11 11 12 12 12 12 12 12 12 12 12 12 12 12 12 12 12 12 17 17 17 17 17 17 17 17 17 17 17 17 17 17 17 17 21 21 21 21 21 21 21 21 21 21 21 21 21 21 21 21 23 23 23 23 23 23 23 23 23 23 23 23 23 23 23 23 
8: 5 5 5 5 5 5 5 5 5 5 5 5 5 5 5 5 5 8 8 8 8 8 8 8 8 8 8 8 8 8 8 8 8 10 10 10 10 10 10 10 10 10 10 10 10 10 10 10 10 11 11 11 11 11 11 11 11 11 11 11 11 11 11 11 11 12 12 12 12 12 12 12 12 12 12 12 12 12 12 12 12 17 17 17 17 17 17 17 17 17 17 17 17 17 17 17 17 21 21 21 21 21 21 21 21 21 21 21 21 21 21 21 21 23 23 23 23 23 23 23 23 23 23 23 23 23 23 23 23 
0: 12 
1: 10 21 
2: 8 11 17 23 
3: 5 8 10 11 12 17 21 23 
4: 5 5 8 8 10 10 11 11 12 12 17 17 21 21 23 23 
5: 5 5 5 5 8 8 8 8 10 10 10 10 11 11 11 11 12 12 12 12 17 17 17 17 21 21 21 21 23 23 23 23 
6: 5 5 5 5 5 5 5 5 8 8 8 8 8 8 8 8 10 10 10 10 10 10 10 10 11 11 11 11 11 11 11 11 12 12 12 12 12 12 12 12 17 17 17 17 17 17 17 17 21 21 21 21 21 21 21 21 23 23 23 23 23 23 23 23 
7: 5 5 5 5 5 5 5 5 5 5 5 5 5 5 5 5 8 8 8 8 8 8 8 8 8 8 8 8 8 8 8 8 10 10 10 10 10 10 10 10 10 10 10 10 10 10 10 10 11 11 11 11 11 11 11 11 11 11 11 11 11 11 11 11 12 12 12 12 12 12 12 12 12 12 12 12 12 12 12 12 17 17 17 17 17 17 17 17 17 17 17 17 17 17 17 17 21 21 21 21 21 21 21 21 21 21 21 21 21 21 21 21 23 23 23 23 23 23 23 23 23 23 23 23 23 23 23 23 
8: 5 5 5 5 5 5 5 5 5 5 5 5 5 5 5 5 5 5 8 8 8 8 8 8 8 8 8 8 8 8 8 8 8 8 8 10 10 10 10 10 10 10 10 10 10 10 10 10 10 10 10 10 11 11 11 11 11 11 11 11 11 11 11 11 11 11 11 11 11 12 12 12 12 12 12 12 12 12 12 12 12 12 12 12 12 12 17 17 17 17 17 17 17 17 17 17 17 17 17 17 17 17 17 21 21 21 21 21 21 21 21 21 21 21 21 21 21 21 21 21 23 23 23 23 23 23 23 23 23 23 23 23 23 23 23 23 23 
0: 12 
1: 10 21 
2: 8 11 17 23 
3: 5 8 10 11 12 17 21 23 
4: 5 5 8 8 10 10 11 11 12 12 17 17 21 21 23 23 
5: 5 5 5 5 8 8 8 8 10 10 10 10 11 11 11 11 12 12 12 12 17 17 17 17 21 21 21 21 23 23 23 23 
6: 5 5 5 5 5 5 5 5 8 8 8 8 8 8 8 8 10 10 10 10 10 10 10 10 11 11 11 11 11 11 11 11 12 12 12 12 12 12 12 12 17 17 17 17 17 17 17 17 21 21 21 21 21 21 21 21 23 23 23 23 23 23 23 23 
7: 5 5 5 5 5 5 5 5 5 5 5 5 5 5 5 5 8 8 8 8 8 8 8 8 8 8 8 8 8 8 8 8 10 10 10 10 10 10 10 10 10 10 10 10 10 10 10 10 11 11 11 11 11 11 11 11 11 11 11 11 11 11 11 11 12 12 12 12 12 12 12 12 12 12 12 12 12 12 12 12 17 17 17 17 17 17 17 17 17 17 17 17 17 17 17 17 21 21 21 21 21 21 21 21 21 21 21 21 21 21 21 21 23 23 23 23 23 23 23 23 23 23 23 23 23 23 23 23 
8: 5 5 5 5 5 5 5 5 5 5 5 5 5 5 5 5 5 5 5 8 8 8 8 8 8 8 8 8 8 8 8 8 8 8 8 8 8 10 10 10 10 10 10 10 10 10 10 10 10 10 10 10 10 10 10 11 11 11 11 11 11 11 11 11 11 11 11 11 11 11 11 11 11 12 12 12 12 12 12 12 12 12 12 12 12 12 12 12 12 12 12 17 17 17 17 17 17 17 17 17 17 17 17 17 17 17 17 17 17 21 21 21 21 21 21 21 21 21 21 21 21 21 21 21 21 21 21 23 23 23 23 23 23 23 23 23 23 23 23 23 23 23 23 23 23 
0: 12 
1: 10 21 
2: 8 11 17 23 
3: 5 8 10 11 12 17 21 23 
4: 5 5 8 8 10 10 11 11 12 12 17 17 21 21 23 23 
5: 5 5 5 5 8 8 8 8 10 10 10 10 11 11 11 11 12 12 12 12 17 17 17 17 21 21 21 21 23 23 23 23 
6: 5 5 5 5 5 5 5 5 8 8 8 8 8 8 8 8 10 10 10 10 10 10 10 10 11 11 11 11 11 11 11 11 12 12 12 12 12 12 12 12 17 17 17 17 17 17 17 17 21 21 21 21 21 21 21 21 23 23 23 23 23 23 23 23 
7: 5 5 5 5 5 5 5 5 5 5 5 5 5 5 5 5 8 8 8 8 8 8 8 8 8 8 8 8 8 8 8 8 10 10 10 10 10 10 10 10 10 10 10 10 10 10 10 10 11 11 11 11 11 11 11 11 11 11 11 11 11 11 11 11 12 12 12 12 12 12 12 12 12 12 12 12 12 12 12 12 17 17 17 17 17 17 17 17 17 17 17 17 17 17 17 17 21 21 21 21 21 21 21 21 21 21 21 21 21 21 21 21 23 23 23 23 23 23 23 23 23 23 23 23 23 23 23 23 
8: 5 5 5 5 5 5 5 5 5 5 5 5 5 5 5 5 5 5 5 5 8 8 8 8 8 8 8 8 8 8 8 8 8 8 8 8 8 8 8 10 10 10 10 10 10 10 10 10 10 10 10 10 10 10 10 10 10 10 11 11 11 11 11 11 11 11 11 11 11 11 11 11 11 11 11 11 11 12 12 12 12 12 12 12 12 12 12 12 12 12 12 12 12 12 12 12 17 17 17 17 17 17 17 17 17 17 17 17 17 17 17 17 17 17 17 21 21 21 21 21 21 21 21 21 21 21 21 21 21 21 21 21 21 21 23 23 23 23 23 23 23 23 23 23 23 23 23 23 23 23 23 23 23 
0: 12 
1: 10 21 
2: 8 11 17 23 
3: 5 8 10 11 12 17 21 23 
4: 5 5 8 8 10 10 11 11 12 12 17 17 21 21 23 23 
5: 5 5 5 5 8 8 8 8 10 10 10 10 11 11 11 11 12 12 12 12 17 17 17 17 21 21 21 21 23 23 23 23 
6: 5 5 5 5 5 5 5 5 8 8 8 8 8 8 8 8 10 10 10 10 10 10 10 10 11 11 11 11 11 11 11 11 12 12 12 12 12 12 12 12 17 17 17 17 17 17 17 17 21 21 21 21 21 21 21 21 23 23 23 23 23 23 23 23 
7: 5 5 5 5 5 5 5 5 5 5 5 5 5 5 5 5 8 8 8 8 8 8 8 8 8 8 8 8 8 8 8 8 10 10 10 10 10 10 10 10 10 10 10 10 10 10 10 10 11 11 11 11 11 11 11 11 11 11 11 11 11 11 11 11 12 12 12 12 12 12 12 12 12 12 12 12 12 12 12 12 17 17 17 17 17 17 17 17 17 17 17 17 17 17 17 17 21 21 21 21 21 21 21 21 21 21 21 21 21 21 21 21 23 23 23 23 23 23 23 23 23 23 23 23 23 23 23 23 
8: 5 5 5 5 5 5 5 5 5 5 5 5 5 5 5 5 5 5 5 5 5 8 8 8 8 8 8 8 8 8 8 8 8 8 8 8 8 8 8 8 8 10 10 10 10 10 10 10 10 10 10 10 10 10 10 10 10 10 10 10 10 11 11 11 11 11 11 11 11 11 11 11 11 11 11 11 11 11 11 11 11 12 12 12 12 12 12 12 12 12 12 12 12 12 12 12 12 12 12 12 12 17 17 17 17 17 17 17 17 17 17 17 17 17 17 17 17 17 17 17 17 21 21 21 21 21 21 21 21 21 21 21 21 21 21 21 21 21 21 21 21 23 23 23 23 23 23 23 23 23 23 23 23 23 23 23 23 23 23 23 23 
0: 12 
1: 10 21 
2: 8 11 17 23 
3: 5 8 10 11 12 17 21 23 
4: 5 5 8 8 10 10 11 11 12 12 17 17 21 21 23 23 
5: 5 5 5 5 8 8 8 8 10 10 10 10 11 11 11 11 12 12 12 12 17 17 17 17 21 21 21 21 23 23 23 23 
6: 5 5 5 5 5 5 5 5 8 8 8 8 8 8 8 8 10 10 10 10 10 10 10 10 11 11 11 11 11 11 11 11 12 12 12 12 12 12 12 12 17 17 17 17 17 17 17 17 21 21 21 21 21 21 21 21 23 23 23 23 23 23 23 23 
7: 5 5 5 5 5 5 5 5 5 5 5 5 5 5 5 5 8 8 8 8 8 8 8 8 8 8 8 8 8 8 8 8 10 10 10 10 10 10 10 10 10 10 10 10 10 10 10 10 11 11 11 11 11 11 11 11 11 11 11 11 11 11 11 11 12 12 12 12 12 12 12 12 12 12 12 12 12 12 12 12 17 17 17 17 17 17 17 17 17 17 17 17 17 17 17 17 21 21 21 21 21 21 21 21 21 21 21 21 21 21 21 21 23 23 23 23 23 23 23 23 23 23 23 23 23 23 23 23 
8: 5 5 5 5 5 5 5 5 5 5 5 5 5 5 5 5 5 5 5 5 5 5 8 8 8 8 8 8 8 8 8 8 8 8 8 8 8 8 8 8 8 8 8 10 10 10 10 10 10 10 10 10 10 10 10 10 10 10 10 10 10 10 10 10 11 11 11 11 11 11 11 11 11 11 11 11 11 11 11 11 11 11 11 11 11 12 12 12 12 12 12 12 12 12 12 12 12 12 12 12 12 12 12 12 12 12 17 17 17 17 17 17 17 17 17 17 17 17 17 17 17 17 17 17 17 17 17 21 21 21 21 21 21 21 21 21 21 21 21 21 21 21 21 21 21 21 21 21 23 23 23 23 23 23 23 23 23 23 23 23 23 23 23 23 23 23 23 23 23 
0: 12 
1: 10 21 
2: 8 11 17 23 
3: 5 8 10 11 12 17 21 23 
4: 5 5 8 8 10 10 11 11 12 12 17 17 21 21 23 23 
5: 5 5 5 5 8 8 8 8 10 10 10 10 11 11 11 11 12 12 12 12 17 17 17 17 21 21 21 21 23 23 23 23 
6: 5 5 5 5 5 5 5 5 8 8 8 8 8 8 8 8 10 10 10 10 10 10 10 10 11 11 11 11 11 11 11 11 12 12 12 12 12 12 12 12 17 17 17 17 17 17 17 17 21 21 21 21 21 21 21 21 23 23 23 23 23 23 23 23 
7: 5 5 5 5 5 5 5 5 5 5 5 5 5 5 5 5 8 8 8 8 8 8 8 8 8 8 8 8 8 8 8 8 10 10 10 10 10 10 10 10 10 10 10 10 10 10 10 10 11 11 11 11 11 11 11 11 11 11 11 11 11 11 11 11 12 12 12 12 12 12 12 12 12 12 12 12 12 12 12 12 17 17 17 17 17 17 17 17 17 17 17 17 17 17 17 17 21 21 21 21 21 21 21 21 21 21 21 21 21 21 21 21 23 23 23 23 23 23 23 23 23 23 23 23 23 23 23 23 
8: 5 5 5 5 5 5 5 5 5 5 5 5 5 5 5 5 5 5 5 5 5 5 5 8 8 8 8 8 8 8 8 8 8 8 8 8 8 8 8 8 8 8 8 8 8 10 10 10 10 10 10 10 10 10 10 10 10 10 10 10 10 10 10 10 10 10 10 11 11 11 11 11 11 11 11 11 11 11 11 11 11 11 11 11 11 11 11 11 11 12 12 12 12 12 12 12 12 12 12 12 12 12 12 12 12 12 12 12 12 12 12 17 17 17 17 17 17 17 17 17 17 17 17 17 17 17 17 17 17 17 17 17 17 21 21 21 21 21 21 21 21 21 21 21 21 21 21 21 21 21 21 21 21 21 21 23 23 23 23 23 23 23 23 23 23 23 23 23 23 23 23 23 23 23 23 23 23 
0: 12 
1: 10 21 
2: 8 11 17 23 
3: 5 8 10 11 12 17 21 23 
4: 5 5 8 8 10 10 11 11 12 12 17 17 21 21 23 23 
5: 5 5 5 5 8 8 8 8 10 10 10 10 11 11 11 11 12 12 12 12 17 17 17 17 21 21 21 21 23 23 23 23 
6: 5 5 5 5 5 5 5 5 8 8 8 8 8 8 8 8 10 10 10 10 10 10 10 10 11 11 11 11 11 11 11 11 12 12 12 12 12 12 12 12 17 17 17 17 17 17 17 17 21 21 21 21 21 21 21 21 23 23 23 23 23 23 23 23 
7: 5 5 5 5 5 5 5 5 5 5 5 5 5 5 5 5 8 8 8 8 8 8 8 8 8 8 8 8 8 8 8 8 10 10 10 10 10 10 10 10 10 10 10 10 10 10 10 10 11 11 11 11 11 11 11 11 11 11 11 11 11 11 11 11 12 12 12 12 12 12 12 12 12 12 12 12 12 12 12 12 17 17 17 17 17 17 17 17 17 17 17 17 17 17 17 17 21 21 21 21 21 21 21 21 21 21 21 21 21 21 21 21 23 23 23 23 23 23 23 23 23 23 23 23 23 23 23 23 
8: 5 5 5 5 5 5 5 5 5 5 5 5 5 5 5 5 5 5 5 5 5 5 5 5 8 8 8 8 8 8 8 8 8 8 8 8 8 8 8 8 8 8 8 8 8 8 8 10 10 10 10 10 10 10 10 10 10 10 10 10 10 10 10 10 10 10 10 10 10 10 11 11 11 11 11 11 11 11 11 11 11 11 11 11 11 11 11 11 11 11 11 11 11 12 12 12 12 12 12 12 12 12 12 12 12 12 12 12 12 12 12 12 12 12 12 12 17 17 17 17 17 17 17 17 17 17 17 17 17 17 17 17 17 17 17 17 17 17 17 21 21 21 21 21 21 21 21 21 21 21 21 21 21 21 21 21 21 21 21 21 21 21 23 23 23 23 23 23 23 23 23 23 23 23 23 23 23 23 23 23 23 23 23 23 23 
0: 12 
1: 10 21 
2: 8 11 17 23 
3: 5 8 10 11 12 17 21 23 
4: 5 5 8 8 10 10 11 11 12 12 17 17 21 21 23 23 
5: 5 5 5 5 8 8 8 8 10 10 10 10 11 11 11 11 12 12 12 12 17 17 17 17 21 21 21 21 23 23 23 23 
6: 5 5 5 5 5 5 5 5 8 8 8 8 8 8 8 8 10 10 10 10 10 10 10 10 11 11 11 11 11 11 11 11 12 12 12 12 12 12 12 12 17 17 17 17 17 17 17 17 21 21 21 21 21 21 21 21 23 23 23 23 23 23 23 23 
7: 5 5 5 5 5 5 5 5 5 5 5 5 5 5 5 5 8 8 8 8 8 8 8 8 8 8 8 8 8 8 8 8 10 10 10 10 10 10 10 10 10 10 10 10 10 10 10 10 11 11 11 11 11 11 11 11 11 11 11 11 11 11 11 11 12 12 12 12 12 12 12 12 12 12 12 12 12 12 12 12 17 17 17 17 17 17 17 17 17 17 17 17 17 17 17 17 21 21 21 21 21 21 21 21 21 21 21 21 21 21 21 21 23 23 23 23 23 23 23 23 23 23 23 23 23 23 23 23 
8: 5 5 5 5 5 5 5 5 5 5 5 5 5 5 5 5 5 5 5 5 5 5 5 5 5 8 8 8 8 8 8 8 8 8 8 8 8 8 8 8 8 8 8 8 8 8 8 8 8 10 10 10 10 10 10 10 10 10 10 10 10 10 10 10 10 10 10 10 10 10 10 10 10 11 11 11 11 11 11 11 11 11 11 11 11 11 11 11 11 11 11 11 11 11 11 11 11 12 12 12 12 12 12 12 12 12 12 12 12 12 12 12 12 12 12 12 12 12 12 12 12 17 17 17 17 17 17 17 17 17 17 17 17 17 17 17 17 17 17 17 17 17 17 17 17 21 21 21 21 21 21 21 21 21 21 21 21 21 21 21 21 21 21 21 21 21 21 21 21 23 23 23 23 23 23 23 23 23 23 23 23 23 23 23 23 23 23 23 23 23 23 23 23 
0: 12 
1: 10 21 
2: 8 11 17 23 
3: 5 8 10 11 12 17 21 23 
4: 5 5 8 8 10 10 11 11 12 12 17 17 21 21 23 23 
5: 5 5 5 5 8 8 8 8 10 10 10 10 11 11 11 11 12 12 12 12 17 17 17 17 21 21 21 21 23 23 23 23 
6: 5 5 5 5 5 5 5 5 8 8 8 8 8 8 8 8 10 10 10 10 10 10 10 10 11 11 11 11 11 11 11 11 12 12 12 12 12 12 12 12 17 17 17 17 17 17 17 17 21 21 21 21 21 21 21 21 23 23 23 23 23 23 23 23 
7: 5 5 5 5 5 5 5 5 5 5 5 5 5 5 5 5 8 8 8 8 8 8 8 8 8 8 8 8 8 8 8 8 10 10 10 10 10 10 10 10 10 10 10 10 10 10 10 10 11 11 11 11 11 11 11 11 11 11 11 11 11 11 11 11 12 12 12 12 12 12 12 12 12 12 12 12 12 12 12 12 17 17 17 17 17 17 17 17 17 17 17 17 17 17 17 17 21 21 21 21 21 21 21 21 21 21 21 21 21 21 21 21 23 23 23 23 23 23 23 23 23 23 23 23 23 23 23 23 
8: 5 5 5 5 5 5 5 5 5 5 5 5 5 5 5 5 5 5 5 5 5 5 5 5 5 5 8 8 8 8 8 8 8 8 8 8 8 8 8 8 8 8 8 8 8 8 8 8 8 8 8 10 10 10 10 10 10 10 10 10 10 10 10 10 10 10 10 10 10 10 10 10 10 10 10 10 11 11 11 11 11 11 11 11 11 11 11 11 11 11 11 11 11 11 11 11 11 11 11 11 11 12 12 12 12 12 12 12 12 12 12 12 12 12 12 12 12 12 12 12 12 12 12 12 12 12 17 17 17 17 17 17 17 17 17 17 17 17 17 17 17 17 17 17 17 17 17 17 17 17 17 21 21 21 21 21 21 21 21 21 21 21 21 21 21 21 21 21 21 21 21 21 21 21 21 21 23 23 23 23 23 23 23 23 23 23 23 23 23 23 23 23 23 23 23 23 23 23 23 23 23 
0: 12 
1: 10 21 
2: 8 11 17 23 
3: 5 8 10 11 12 17 21 23 
4: 5 5 8 8 10 10 11 11 12 12 17 17 21 21 23 23 
5: 5 5 5 5 8 8 8 8 10 10 10 10 11 11 11 11 12 12 12 12 17 17 17 17 21 21 21 21 23 23 23 23 
6: 5 5 5 5 5 5 5 5 8 8 8 8 8 8 8 8 10 10 10 10 10 10 10 10 11 11 11 11 11 11 11 11 12 12 12 12 12 12 12 12 17 17 17 17 17 17 17 17 21 21 21 21 21 21 21 21 23 23 23 23 23 23 23 23 
7: 5 5 5 5 5 5 5 5 5 5 5 5 5 5 5 5 8 8 8 8 8 8 8 8 8 8 8 8 8 8 8 8 10 10 10 10 10 10 10 10 10 10 10 10 10 10 10 10 11 11 11 11 11 11 11 11 11 11 11 11 11 11 11 11 12 12 12 12 12 12 12 12 12 12 12 12 12 12 12 12 17 17 17 17 17 17 17 17 17 17 17 17 17 17 17 17 21 21 21 21 21 21 21 21 21 21 21 21 21 21 21 21 23 23 23 23 23 23 23 23 23 23 23 23 23 23 23 23 
8: 5 5 5 5 5 5 5 5 5 5 5 5 5 5 5 5 5 5 5 5 5 5 5 5 5 5 5 8 8 8 8 8 8 8 8 8 8 8 8 8 8 8 8 8 8 8 8 8 8 8 8 8 8 10 10 10 10 10 10 10 10 10 10 10 10 10 10 10 10 10 10 10 10 10 10 10 10 10 10 11 11 11 11 11 11 11 11 11 11 11 11 11 11 11 11 11 11 11 11 11 11 11 11 11 11 12 12 12 12 12 12 12 12 12 12 12 12 12 12 12 12 12 12 12 12 12 12 12 12 12 12 17 17 17 17 17 17 17 17 17 17 17 17 17 17 17 17 17 17 17 17 17 17 17 17 17 17 21 21 21 21 21 21 21 21 21 21 21 21 21 21 21 21 21 21 21 21 21 21 21 21 21 21 23 23 23 23 23 23 23 23 23 23 23 23 23 23 23 23 23 23 23 23 23 23 23 23 23 23 
0: 12 
1: 10 21 
2: 8 11 17 23 
3: 5 8 10 11 12 17 21 23 
4: 5 5 8 8 10 10 11 11 12 12 17 17 21 21 23 23 
5: 5 5 5 5 8 8 8 8 10 10 10 10 11 11 11 11 12 12 12 12 17 17 17 17 21 21 21 21 23 23 23 23 
6: 5 5 5 5 5 5 5 5 8 8 8 8 8 8 8 8 10 10 10 10 10 10 10 10 11 11 11 11 11 11 11 11 12 12 12 12 12 12 12 12 17 17 17 17 17 17 17 17 21 21 21 21 21 21 21 21 23 23 23 23 23 23 23 23 
7: 5 5 5 5 5 5 5 5 5 5 5 5 5 5 5 5 8 8 8 8 8 8 8 8 8 8 8 8 8 8 8 8 10 10 10 10 10 10 10 10 10 10 10 10 10 10 10 10 11 11 11 11 11 11 11 11 11 11 11 11 11 11 11 11 12 12 12 12 12 12 12 12 12 12 12 12 12 12 12 12 17 17 17 17 17 17 17 17 17 17 17 17 17 17 17 17 21 21 21 21 21 21 21 21 21 21 21 21 21 21 21 21 23 23 23 23 23 23 23 23 23 23 23 23 23 23 23 23 
8: 5 5 5 5 5 5 5 5 5 5 5 5 5 5 5 5 5 5 5 5 5 5 5 5 5 5 5 5 8 8 8 8 8 8 8 8 8 8 8 8 8 8 8 8 8 8 8 8 8 8 8 8 8 8 8 10 10 10 10 10 10 10 10 10 10 10 10 10 10 10 10 10 10 10 10 10 10 10 10 10 10 10 11 11 11 11 11 11 11 11 11 11 11 11 11 11 11 11 11 11 11 11 11 11 11 11 11 11 11 12 12 12 12 12 12 12 12 12 12 12 12 12 12 12 12 12 12 12 12 12 12 12 12 12 12 12 17 17 17 17 17 17 17 17 17 17 17 17 17 17 17 17 17 17 17 17 17 17 17 17 17 17 17 21 21 21 21 21 21 21 21 21 21 21 21 21 21 21 21 21 21 21 21 21 21 21 21 21 21 21 23 23 23 23 23 23 23 23 23 23 23 23 23 23 23 23 23 23 23 23 23 23 23 23 23 23 23 
0: 12 
1: 10 21 
2: 8 11 17 23 
3: 5 8 10 11 12 17 21 23 
4: 5 5 8 8 10 10 11 11 12 12 17 17 21 21 23 23 
5: 5 5 5 5 8 8 8 8 10 10 10 10 11 11 11 11 12 12 12 12 17 17 17 17 21 21 21 21 23 23 23 23 
6: 5 5 5 5 5 5 5 5 8 8 8 8 8 8 8 8 10 10 10 10 10 10 10 10 11 11 11 11 11 11 11 11 12 12 12 12 12 12 12 12 17 17 17 17 17 17 17 17 21 21 21 21 21 21 21 21 23 23 23 23 23 23 23 23 
7: 5 5 5 5 5 5 5 5 5 5 5 5 5 5 5 5 8 8 8 8 8 8 8 8 8 8 8 8 8 8 8 8 10 10 10 10 10 10 10 10 10 10 10 10 10 10 10 10 11 11 11 11 11 11 11 11 11 11 11 11 11 11 11 11 12 12 12 12 12 12 12 12 12 12 12 12 12 12 12 12 17 17 17 17 17 17 17 17 17 17 17 17 17 17 17 17 21 21 21 21 21 21 21 21 21 21 21 21 21 21 21 21 23 23 23 23 23 23 23 23 23 23 23 23 23 23 23 23 
8: 5 5 5 5 5 5 5 5 5 5 5 5 5 5 5 5 5 5 5 5 5 5 5 5 5 5 5 5 5 8 8 8 8 8 8 8 8 8 8 8 8 8 8 8 8 8 8 8 8 8 8 8 8 8 8 8 8 10 10 10 10 10 10 10 10 10 10 10 10 10 10 10 10 10 10 10 10 10 10 10 10 10 10 10 10 11 11 11 11 11 11 11 11 11 11 11 11 11 11 11 11 11 11 11 11 11 11 11 11 11 11 11 11 12 12 12 12 12 12 12 12 12 12 12 12 12 12 12 12 12 12 12 12 12 12 12 12 12 12 12 12 17 17 17 17 17 17 17 17 17 17 17 17 17 17 17 17 17 17 17 17 17 17 17 17 17 17 17 17 21 21 21 21 21 21 21 21 21 21 21 21 21 21 21 21 21 21 21 21 21 21 21 21 21 21 21 21 23 23 23 23 23 23 23 23 23 23 23 23 23 23 23 23 23 23 23 23 23 23 23 23 23 23 23 23 
0: 12 
1: 10 21 
2: 8 11 17 23 
3: 5 8 10 11 12 17 21 23 
4: 5 5 8 8 10 10 11 11 12 12 17 17 21 21 23 23 
5: 5 5 5 5 8 8 8 8 10 10 10 10 11 11 11 11 12 12 12 12 17 17 17 17 21 21 21 21 23 23 23 23 
6: 5 5 5 5 5 5 5 5 8 8 8 8 8 8 8 8 10 10 10 10 10 10 10 10 11 11 11 11 11 11 11 11 12 12 12 12 12 12 12 12 17 17 17 17 17 17 17 17 21 21 21 21 21 21 21 21 23 23 23 23 23 23 23 23 
7: 5 5 5 5 5 5 5 5 5 5 5 5 5 5 5 5 8 8 8 8 8 8 8 8 8 8 8 8 8 8 8 8 10 10 10 10 10 10 10 10 10 10 10 10 10 10 10 10 11 11 11 11 11 11 11 11 11 11 11 11 11 11 11 11 12 12 12 12 12 12 12 12 12 12 12 12 12 12 12 12 17 17 17 17 17 17 17 17 17 17 17 17 17 17 17 17 21 21 21 21 21 21 21 21 21 21 21 21 21 21 21 21 23 23 23 23 23 23 23 23 23 23 23 23 23 23 23 23 
8: 5 5 5 5 5 5 5 5 5 5 5 5 5 5 5 5 5 5 5 5 5 5 5 5 5 5 5 5 5 5 8 8 8 8 8 8 8 8 8 8 8 8 8 8 8 8 8 8 8 8 8 8 8 8 8 8 8 8 8 10 10 10 10 10 10 10 10 10 10 10 10 10 10 10 10 10 10 10 10 10 10 10 10 10 10 10 10 10 11 11 11 11 11 11 11 11 11 11 11 11 11 11 11 11 11 11 11 11 11 11 11 11 11 11 11 11 11 12 12 12 12 12 12 12 12 12 12 12 12 12 12 12 12 12 12 12 12 12 12 12 12 12 12 12 12 12 17 17 17 17 17 17 17 17 17 17 17 17 17 17 17 17 17 17 17 17 17 17 17 17 17 17 17 17 17 21 21 21 21 21 21 21 21 21 21 21 21 21 21 21 21 21 21 21 21 21 21 21 21 21 21 21 21 21 23 23 23 23 23 23 23 23 23 23 23 23 23 23 23 23 23 23 23 23 23 23 23 23 23 23 23 23 23 
0: 12 
1: 10 21 
2: 8 11 17 23 
3: 5 8 10 11 12 17 21 23 
4: 5 5 8 8 10 10 11 11 12 12 17 17 21 21 23 23 
5: 5 5 5 5 8 8 8 8 10 10 10 10 11 11 11 11 12 12 12 12 17 17 17 17 21 21 21 21 23 23 23 23 
6: 5 5 5 5 5 5 5 5 8 8 8 8 8 8 8 8 10 10 10 10 10 10 10 10 11 11 11 11 11 11 11 11 12 12 12 12 12 12 12 12 17 17 17 17 17 17 17 17 21 21 21 21 21 21 21 21 23 23 23 23 23 23 23 23 
7: 5 5 5 5 5 5 5 5 5 5 5 5 5 5 5 5 8 8 8 8 8 8 8 8 8 8 8 8 8 8 8 8 10 10 10 10 10 10 10 10 10 10 10 10 10 10 10 10 11 11 11 11 11 11 11 11 11 11 11 11 11 11 11 11 12 12 12 12 12 12 12 12 12 12 12 12 12 12 12 12 17 17 17 17 17 17 17 17 17 17 17 17 17 17 17 17 21 21 21 21 21 21 21 21 21 21 21 21 21 21 21 21 23 23 23 23 23 23 23 23 23 23 23 23 23 23 23 23 
8: 5 5 5 5 5 5 5 5 5 5 5 5 5 5 5 5 5 5 5 5 5 5 5 5 5 5 5 5 5 5 5 8 8 8 8 8 8 8 8 8 8 8 8 8 8 8 8 8 8 8 8 8 8 8 8 8 8 8 8 8 8 10 10 10 10 10 10 10 10 10 10 10 10 10 10 10 10 10 10 10 10 10 10 10 10 10 10 10 10 10 10 11 11 11 11 11 11 11 11 11 11 11 11 11 11 11 11 11 11 11 11 11 11 11 11 11 11 11 11 11 11 12 12 12 12 12 12 12 12 12 12 12 12 12 12 12 12 12 12 12 12 12 12 12 12 12 12 12 12 12 12 17 17 17 17 17 17 17 17 17 17 17 17 17 17 17 17 17 17 17 17 17 17 17 17 17 17 17 17 17 17 21 21 21 21 21 21 21 21 21 21 21 21 21 21 21 21 21 21 21 21 21 21 21 21 21 21 21 21 21 21 23 23 23 23 23 23 23 23 23 23 23 23 23 23 23 23 23 23 23 23 23 23 23 23 23 23 23 23 23 23 
0: 12 
1: 10 21 
2: 8 11 17 23 
3: 5 8 10 11 12 17 21 23 
4: 5 5 8 8 10 10 11 11 12 12 17 17 21 21 23 23 
5: 5 5 5 5 8 8 8 8 10 10 10 10 11 11 11 11 12 12 12 12 17 17 17 17 21 21 21 21 23 23 23 23 
6: 5 5 5 5 5 5 5 5 8 8 8 8 8 8 8 8 10 10 10 10 10 10 10 10 11 11 11 11 11 11 11 11 12 12 12 12 12 12 12 12 17 17 17 17 17 17 17 17 21 21 21 21 21 21 21 21 23 23 23 23 23 23 23 23 
7: 5 5 5 5 5 5 5 5 5 5 5 5 5 5 5 5 8 8 8 8 8 8 8 8 8 8 8 8 8 8 8 8 10 10 10 10 10 10 10 10 10 10 10 10 10 10 10 10 11 11 11 11 11 11 11 11 11 11 11 11 11 11 11 11 12 12 12 12 12 12 12 12 12 12 12 12 12 12 12 12 17 17 17 17 17 17 17 17 17 17 17 17 17 17 17 17 21 21 21 21 21 21 21 21 21 21 21 21 21 21 21 21 23 23 23 23 23 23 23 23 23 23 23 23 23 23 23 23 
8: 5 5 5 5 5 5 5 5 5 5 5 5 5 5 5 5 5 5 5 5 5 5 5 5 5 5 5 5 5 5 5 5 8 8 8 8 8 8 8 8 8 8 8 8 8 8 8 8 8 8 8 8 8 8 8 8 8 8 8 8 8 8 8 10 10 10 10 10 10 10 10 10 10 10 10 10 10 10 10 10 10 10 10 10 10 10 10 10 10 10 10 10 10 10 11 11 11 11 11 11 11 11 11 11 11 11 11 11 11 11 11 11 11 11 11 11 11 11 11 11 11 11 11 11 11 12 12 12 12 12 12 12 12 12 12 12 12 12 12 12 12 12 12 12 12 12 12 12 12 12 12 12 12 12 12 12 17 17 17 17 17 17 17 17 17 17 17 17 17 17 17 17 17 17 17 17 17 17 17 17 17 17 17 17 17 17 17 21 21 21 21 21 21 21 21 21 21 21 21 21 21 21 21 21 21 21 21 21 21 21 21 21 21 21 21 21 21 21 23 23 23 23 23 23 23 23 23 23 23 23 23 23 23 23 23 23 23 23 23 23 23 23 23 23 23 23 23 23 23 
0: 12 
1: 10 21 
2: 8 11 17 23 
3: 5 8 10 11 12 17 21 23 
4: 5 5 8 8 10 10 11 11 12 12 17 17 21 21 23 23 
5: 5 5 5 5 8 8 8 8 10 10 10 10 11 11 11 11 12 12 12 12 17 17 17 17 21 21 21 21 23 23 23 23 
6: 5 5 5 5 5 5 5 5 8 8 8 8 8 8 8 8 10 10 10 10 10 10 10 10 11 11 11 11 11 11 11 11 12 12 12 12 12 12 12 12 17 17 17 17 17 17 17 17 21 21 21 21 21 21 21 21 23 23 23 23 23 23 23 23 
7: 5 5 5 5 5 5 5 5 5 5 5 5 5 5 5 5 8 8 8 8 8 8 8 8 8 8 8 8 8 8 8 8 10 10 10 10 10 10 10 10 10 10 10 10 10 10 10 10 11 11 11 11 11 11 11 11 11 11 11 11 11 11 11 11 12 12 12 12 12 12 12 12 12 12 12 12 12 12 12 12 17 17 17 17 17 17 17 17 17 17 17 17 17 17 17 17 21 21 21 21 21 21 21 21 21 21 21 21 21 21 21 21 23 23 23 23 23 23 23 23 23 23 23 23 23 23 23 23 
8: 5 5 5 5 5 5 5 5 5 5 5 5 5 5 5 5 5 5 5 5 5 5 5 5 5 5 5 5 5 5 5 5 8 8 8 8 8 8 8 8 8 8 8 8 8 8 8 8 8 8 8 8 8 8 8 8 8 8 8 8 8 8 8 8 10 10 10 10 10 10 10 10 10 10 10 10 10 10 10 10 10 10 10 10 10 10 10 10 10 10 10 10 10 10 10 10 11 11 11 11 11 11 11 11 11 11 11 11 11 11 11 11 11 11 11 11 11 11 11 11 11 11 11 11 11 11 11 11 12 12 12 12 12 12 12 12 12 12 12 12 12 12 12 12 12 12 12 12 12 12 12 12 12 12 12 12 12 12 12 12 17 17 17 17 17 17 17 17 17 17 17 17 17 17 17 17 17 17 17 17 17 17 17 17 17 17 17 17 17 17 17 17 21 21 21 21 21 21 21 21 21 21 21 21 21 21 21 21 21 21 21 21 21 21 21 21 21 21 21 21 21 21 21 21 23 23 23 23 23 23 23 23 23 23 23 23 23 23 23 23 23 23 23 23 23 23 23 23 23 23 23 23 23 23 23 23 
9: 5 
0: 12 
1: 10 21 
2: 8 11 17 23 
3: 5 8 10 11 12 17 21 23 
4: 5 5 8 8 10 10 11 11 12 12 17 17 21 21 23 23 
5: 5 5 5 5 8 8 8 8 10 10 10 10 11 11 11 11 12 12 12 12 17 17 17 17 21 21 21 21 23 23 23 23 
6: 5 5 5 5 5 5 5 5 8 8 8 8 8 8 8 8 10 10 10 10 10 10 10 10 11 11 11 11 11 11 11 11 12 12 12 12 12 12 12 12 17 17 17 17 17 17 17 17 21 21 21 21 21 21 21 21 23 23 23 23 23 23 23 23 
7: 5 5 5 5 5 5 5 5 5 5 5 5 5 5 5 5 8 8 8 8 8 8 8 8 8 8 8 8 8 8 8 8 10 10 10 10 10 10 10 10 10 10 10 10 10 10 10 10 11 11 11 11 11 11 11 11 11 11 11 11 11 11 11 11 12 12 12 12 12 12 12 12 12 12 12 12 12 12 12 12 17 17 17 17 17 17 17 17 17 17 17 17 17 17 17 17 21 21 21 21 21 21 21 21 21 21 21 21 21 21 21 21 23 23 23 23 23 23 23 23 23 23 23 23 23 23 23 23 
8: 5 5 5 5 5 5 5 5 5 5 5 5 5 5 5 5 5 5 5 5 5 5 5 5 5 5 5 5 5 5 5 5 8 8 8 8 8 8 8 8 8 8 8 8 8 8 8 8 8 8 8 8 8 8 8 8 8 8 8 8 8 8 8 8 10 10 10 10 10 10 10 10 10 10 10 10 10 10 10 10 10 10 10 10 10 10 10 10 10 10 10 10 10 10 10 10 11 11 11 11 11 11 11 11 11 11 11 11 11 11 11 11 11 11 11 11 11 11 11 11 11 11 11 11 11 11 11 11 12 12 12 12 12 12 12 12 12 12 12 12 12 12 12 12 12 12 12 12 12 12 12 12 12 12 12 12 12 12 12 12 17 17 17 17 17 17 17 17 17 17 17 17 17 17 17 17 17 17 17 17 17 17 17 17 17 17 17 17 17 17 17 17 21 21 21 21 21 21 21 21 21 21 21 21 21 21 21 21 21 21 21 21 21 21 21 21 21 21 21 21 21 21 21 21 23 23 23 23 23 23 23 23 23 23 23 23 23 23 23 23 23 23 23 23 23 23 23 23 23 23 23 23 23 23 23 23 
9: 5 5 8 10 11 12 17 21 23 
0: 12 
1: 10 21 
2: 8 11 17 23 
3: 5 8 10 11 12 17 21 23 
4: 5 5 8 8 10 10 11 11 12 12 17 17 21 21 23 23 
5: 5 5 5 5 8 8 8 8 10 10 10 10 11 11 11 11 12 12 12 12 17 17 17 17 21 21 21 21 23 23 23 23 
6: 5 5 5 5 5 5 5 5 8 8 8 8 8 8 8 8 10 10 10 10 10 10 10 10 11 11 11 11 11 11 11 11 12 12 12 12 12 12 12 12 17 17 17 17 17 17 17 17 21 21 21 21 21 21 21 21 23 23 23 23 23 23 23 23 
7: 5 5 5 5 5 5 5 5 5 5 5 5 5 5 5 5 8 8 8 8 8 8 8 8 8 8 8 8 8 8 8 8 10 10 10 10 10 10 10 10 10 10 10 10 10 10 10 10 11 11 11 11 11 11 11 11 11 11 11 11 11 11 11 11 12 12 12 12 12 12 12 12 12 12 12 12 12 12 12 12 17 17 17 17 17 17 17 17 17 17 17 17 17 17 17 17 21 21 21 21 21 21 21 21 21 21 21 21 21 21 21 21 23 23 23 23 23 23 23 23 23 23 23 23 23 23 23 23 
8: 5 5 5 5 5 5 5 5 5 5 5 5 5 5 5 5 5 5 5 5 5 5 5 5 5 5 5 5 5 5 5 5 8 8 8 8 8 8 8 8 8 8 8 8 8 8 8 8 8 8 8 8 8 8 8 8 8 8 8 8 8 8 8 8 10 10 10 10 10 10 10 10 10 10 10 10 10 10 10 10 10 10 10 10 10 10 10 10 10 10 10 10 10 10 10 10 11 11 11 11 11 11 11 11 11 11 11 11 11 11 11 11 11 11 11 11 11 11 11 11 11 11 11 11 11 11 11 11 12 12 12 12 12 12 12 12 12 12 12 12 12 12 12 12 12 12 12 12 12 12 12 12 12 12 12 12 12 12 12 12 17 17 17 17 17 17 17 17 17 17 17 17 17 17 17 17 17 17 17 17 17 17 17 17 17 17 17 17 17 17 17 17 21 21 21 21 21 21 21 21 21 21 21 21 21 21 21 21 21 21 21 21 21 21 21 21 21 21 21 21 21 21 21 21 23 23 23 23 23 23 23 23 23 23 23 23 23 23 23 23 23 23 23 23 23 23 23 23 23 23 23 23 23 23 23 23 
9: 5 5 5 8 8 10 10 11 11 12 12 17 17 21 21 23 23 
0: 12 
1: 10 21 
2: 8 11 17 23 
3: 5 8 10 11 12 17 21 23 
4: 5 5 8 8 10 10 11 11 12 12 17 17 21 21 23 23 
5: 5 5 5 5 8 8 8 8 10 10 10 10 11 11 11 11 12 12 12 12 17 17 17 17 21 21 21 21 23 23 23 23 
6: 5 5 5 5 5 5 5 5 8 8 8 8 8 8 8 8 10 10 10 10 10 10 10 10 11 11 11 11 11 11 11 11 12 12 12 12 12 12 12 12 17 17 17 17 17 17 17 17 21 21 21 21 21 21 21 21 23 23 23 23 23 23 23 23 
7: 5 5 5 5 5 5 5 5 5 5 5 5 5 5 5 5 8 8 8 8 8 8 8 8 8 8 8 8 8 8 8 8 10 10 10 10 10 10 10 10 10 10 10 10 10 10 10 10 11 11 11 11 11 11 11 11 11 11 11 11 11 11 11 11 12 12 12 12 12 12 12 12 12 12 12 12 12 12 12 12 17 17 17 17 17 17 17 17 17 17 17 17 17 17 17 17 21 21 21 21 21 21 21 21 21 21 21 21 21 21 21 21 23 23 23 23 23 23 23 23 23 23 23 23 23 23 23 23 
8: 5 5 5 5 5 5 5 5 5 5 5 5 5 5 5 5 5 5 5 5 5 5 5 5 5 5 5 5 5 5 5 5 8 8 8 8 8 8 8 8 8 8 8 8 8 8 8 8 8 8 8 8 8 8 8 8 8 8 8 8 8 8 8 8 10 10 10 10 10 10 10 10 10 10 10 10 10 10 10 10 10 10 10 10 10 10 10 10 10 10 10 10 10 10 10 10 11 11 11 11 11 11 11 11 11 11 11 11 11 11 11 11 11 11 11 11 11 11 11 11 11 11 11 11 11 11 11 11 12 12 12 12 12 12 12 12 12 12 12 12 12 12 12 12 12 12 12 12 12 12 12 12 12 12 12 12 12 12 12 12 17 17 17 17 17 17 17 17 17 17 17 17 17 17 17 17 17 17 17 17 17 17 17 17 17 17 17 17 17 17 17 17 21 21 21 21 21 21 21 21 21 21 21 21 21 21 21 21 21 21 21 21 21 21 21 21 21 21 21 21 21 21 21 21 23 23 23 23 23 23 23 23 23 23 23 23 23 23 23 23 23 23 23 23 23 23 23 23 23 23 23 23 23 23 23 23 
9: 5 5 5 5 8 8 8 10 10 10 11 11 11 12 12 12 17 17 17 21 21 21 23 23 23 
0: 12 
1: 10 21 
2: 8 11 17 23 
3: 5 8 10 11 12 17 21 23 
4: 5 5 8 8 10 10 11 11 12 12 17 17 21 21 23 23 
5: 5 5 5 5 8 8 8 8 10 10 10 10 11 11 11 11 12 12 12 12 17 17 17 17 21 21 21 21 23 23 23 23 
6: 5 5 5 5 5 5 5 5 8 8 8 8 8 8 8 8 10 10 10 10 10 10 10 10 11 11 11 11 11 11 11 11 12 12 12 12 12 12 12 12 17 17 17 17 17 17 17 17 21 21 21 21 21 21 21 21 23 23 23 23 23 23 23 23 
7: 5 5 5 5 5 5 5 5 5 5 5 5 5 5 5 5 8 8 8 8 8 8 8 8 8 8 8 8 8 8 8 8 10 10 10 10 10 10 10 10 10 10 10 10 10 10 10 10 11 11 11 11 11 11 11 11 11 11 11 11 11 11 11 11 12 12 12 12 12 12 12 12 12 12 12 12 12 12 12 12 17 17 17 17 17 17 17 17 17 17 17 17 17 17 17 17 21 21 21 21 21 21 21 21 21 21 21 21 21 21 21 21 23 23 23 23 23 23 23 23 23 23 23 23 23 23 23 23 
8: 5 5 5 5 5 5 5 5 5 5 5 5 5 5 5 5 5 5 5 5 5 5 5 5 5 5 5 5 5 5 5 5 8 8 8 8 8 8 8 8 8 8 8 8 8 8 8 8 8 8 8 8 8 8 8 8 8 8 8 8 8 8 8 8 10 10 10 10 10 10 10 10 10 10 10 10 10 10 10 10 10 10 10 10 10 10 10 10 10 10 10 10 10 10 10 10 11 11 11 11 11 11 11 11 11 11 11 11 11 11 11 11 11 11 11 11 11 11 11 11 11 11 11 11 11 11 11 11 12 12 12 12 12 12 12 12 12 12 12 12 12 12 12 12 12 12 12 12 12 12 12 12 12 12 12 12 12 12 12 12 17 17 17 17 17 17 17 17 17 17 17 17 17 17 17 17 17 17 17 17 17 17 17 17 17 17 17 17 17 17 17 17 21 21 21 21 21 21 21 21 21 21 21 21 21 21 21 21 21 21 21 21 21 21 21 21 21 21 21 21 21 21 21 21 23 23 23 23 23 23 23 23 23 23 23 23 23 23 23 23 23 23 23 23 23 23 23 23 23 23 23 23 23 23 23 23 
9: 5 5 5 5 5 8 8 8 8 10 10 10 10 11 11 11 11 12 12 12 12 17 17 17 17 21 21 21 21 23 23 23 23 
0: 12 
1: 10 21 
2: 8 11 17 23 
3: 5 8 10 11 12 17 21 23 
4: 5 5 8 8 10 10 11 11 12 12 17 17 21 21 23 23 
5: 5 5 5 5 8 8 8 8 10 10 10 10 11 11 11 11 12 12 12 12 17 17 17 17 21 21 21 21 23 23 23 23 
6: 5 5 5 5 5 5 5 5 8 8 8 8 8 8 8 8 10 10 10 10 10 10 10 10 11 11 11 11 11 11 11 11 12 12 12 12 12 12 12 12 17 17 17 17 17 17 17 17 21 21 21 21 21 21 21 21 23 23 23 23 23 23 23 23 
7: 5 5 5 5 5 5 5 5 5 5 5 5 5 5 5 5 8 8 8 8 8 8 8 8 8 8 8 8 8 8 8 8 10 10 10 10 10 10 10 10 10 10 10 10 10 10 10 10 11 11 11 11 11 11 11 11 11 11 11 11 11 11 11 11 12 12 12 12 12 12 12 12 12 12 12 12 12 12 12 12 17 17 17 17 17 17 17 17 17 17 17 17 17 17 17 17 21 21 21 21 21 21 21 21 21 21 21 21 21 21 21 21 23 23 23 23 23 23 23 23 23 23 23 23 23 23 23 23 
8: 5 5 5 5 5 5 5 5 5 5 5 5 5 5 5 5 5 5 5 5 5 5 5 5 5 5 5 5 5 5 5 5 8 8 8 8 8 8 8 8 8 8 8 8 8 8 8 8 8 8 8 8 8 8 8 8 8 8 8 8 8 8 8 8 10 10 10 10 10 10 10 10 10 10 10 10 10 10 10 10 10 10 10 10 10 10 10 10 10 10 10 10 10 10 10 10 11 11 11 11 11 11 11 11 11 11 11 11 11 11 11 11 11 11 11 11 11 11 11 11 11 11 11 11 11 11 11 11 12 12 12 12 12 12 12 12 12 12 12 12 12 12 12 12 12 12 12 12 12 